HIP	RA(hh mm ss)	DEC(°° '' "")	LST(hh mm ss)	DATE(dd.mm.yyyy)
72105	14 45 47 	+27 00 06 	15 25 00 	01.07.2018 (Synchronized target)
72622   14 51 55        -16 03 18	15 41 00        
77070   15 45 09        +06 21 31       16 06 00     
79593	16 15 17	-03 44 41	16 11 00
69673	14 16 30	+19 04 21  	16 18 08
93747	19 06 14	+13 52 46 	16 27 30 
97165	19 45 32	+45 08 38	16 38 42
97278	19 47 04	+10 38 40 	16 42 30
80816	16 31 00	+21 26 50	16 46 16
67301	13 48 11	+49 12 42	16 50 42
72105	14 45 46	+26 57 52 	16 54 43



