HIP	ha_calc_uncorr	ha_obs	dec_calc_uncorr	dec_obs	Date
97649	0.6226689969227657	0.615000000000002	8.920289220942996	8.772222222222224	2017-10-18 00:00:00
91262	2.657906759749057	2.650555555555556	38.80752637413669	38.65333333333333	2017-10-18 00:00:00
102098	0.6992950520479617	0.6919444444444451	45.350295226982205	45.176944444444445	2017-10-18 00:00:00
677	-2.5387500932199707	-2.5461111111111094	29.190103151280702	29.033611111111114	2017-10-18 00:00:00
746	-2.402931554596993	-2.41	59.2494673130273	59.035	2017-10-18 00:00:00
3179	-2.8427091440652	-2.849722222222219	56.635468133376214	56.42861111111111	2017-10-18 00:00:00
4427	-2.997297965337534	-3.0038888888888913	60.813029824062205	60.588055555555556	2017-10-18 00:00:00
105199	0.8329078347819063	0.8263888888888893	62.666916328890345	62.44694444444444	2017-10-18 00:00:00
97649	2.3893368185424357	2.381388888888889	8.92029231158196	8.780833333333334	2017-10-18 00:00:00
5447	-2.7958614549397858	-2.803055555555556	35.71481639589307	35.55583333333333	2017-10-18 00:00:00
113963	-0.560918256605575	-0.5677777777777777	15.30333221549849	15.175555555555555	2017-10-18 00:00:00
100453	2.3022307043656127	2.2950000000000017	40.32012620024541	40.17333333333333	2017-10-18 00:00:00
102488	2.2178037007453106	2.2105555555555547	34.042829199614665	33.918055555555554	2017-10-18 00:00:00
113881	0.03079350723723806	0.036666666666668846	28.18112057719708	28.31638888888889	2017-09-22 00:00:00
105199	1.8812518971005687	1.8822222222222216	62.66546673312871	62.67527777777777	2017-09-22 00:00:00
107315	1.5586479183716584	1.5580555555555584	9.959732393877776	10.0125	2017-09-22 00:00:00
113963	0.29932344353941787	0.2991666666666646	15.302703946102284	15.29861111111111	2017-09-22 00:00:00
677	-0.6798535812759532	-0.6794444444444458	29.18885621478961	29.220555555555553	2017-09-22 00:00:00
746	-0.6182209411819066	-0.6169444444444423	59.24723180126621	59.18444444444444	2017-09-22 00:00:00
3179	-1.0651733064198758	-1.0644444444444439	56.63327294107866	56.569722222222225	2017-09-22 00:00:00
9640	-2.340751895710813	-2.3408333333333324	42.41183585669652	42.36555555555556	2017-09-22 00:00:00
9884	-2.3408921465334274	-2.3408333333333324	23.544434972989873	23.52361111111111	2017-09-22 00:00:00
15863	-3.55013456241128	-3.549722222222222	49.91897228927369	49.900555555555556	2017-09-22 00:00:00
102488	3.237105628280073	3.2372222222222256	34.04214047518472	34.04694444444444	2017-09-22 00:00:00
105199	2.779586671897558	2.781111111111109	62.66547934893343	62.661944444444444	2017-09-22 00:00:00
107315	2.425037363602417	2.424444444444447	9.959735093244094	9.958888888888888	2017-09-22 00:00:00
15863	0.5730315611248002	0.6475	49.925089516428066	49.8925	2018-02-06 00:00:00
23015	-0.16959033090292674	-0.09527777777777757	33.19227153925155	33.19416666666666	2018-02-06 00:00:00
21421	0.5173476710355747	0.591111111111112	16.54199400080737	16.56638888888889	2018-02-06 00:00:00
24608	0.6994541778824583	0.7736111111111112	46.014617555060795	46.01583333333333	2018-02-06 00:00:00
31681	-0.1460361271817261	-0.07194444444444414	16.37991180355764	16.396666666666665	2018-02-06 00:00:00
25428	1.1260062751599245	1.1997222222222215	28.619795463163218	28.638333333333332	2018-02-06 00:00:00
28380	0.6506518751008361	0.7247222222222227	37.21130116225351	37.24527777777778	2018-02-06 00:00:00
36850	-0.8459731599359586	-0.7716666666666665	31.84535682397419	31.8475	2018-02-06 00:00:00
37826	-0.9404959916441067	-0.8661111111111115	27.97933987526848	27.984166666666667	2018-02-06 00:00:00
37279	-0.7542900049315788	-0.6797222222222219	5.1746757778952475	5.206944444444445	2018-02-06 00:00:00
27989	1.0973972161469945	1.1708333333333334	7.4060613106659	7.461388888888889	2018-02-06 00:00:00
25336	1.8149223926029174	1.8886111111111115	6.361568841639691	6.420555555555556	2018-02-06 00:00:00
21421	-2.779602259565646	-2.761666666666666	16.542350522463533	16.51361111111111	2017-11-22 00:00:00
24436	-3.369308512342509	-3.353888888888889	-8.18316479393192	-8.166944444444443	2017-11-22 00:00:00
25336	-3.489725106187783	-3.4755555555555553	6.363190416126535	6.379722222222222	2017-11-22 00:00:00
25428	-3.4586195197042144	-3.4450000000000003	28.618803803562205	28.612222222222222	2017-11-22 00:00:00
24608	-3.1338087941929644	-3.1199999999999997	46.0116466732144	45.95194444444445	2017-11-22 00:00:00
15863	-1.2108129594885693	-1.1974999999999998	49.92253464076045	49.83388888888889	2017-11-22 00:00:00
677	2.2485465323408897	2.2616666666666667	29.191061560020078	29.19472222222222	2017-11-22 00:00:00
113881	3.380966137093509	3.3941666666666634	28.182866033958607	28.192777777777778	2017-11-22 00:00:00
102098	0.19928619535277647	0.1941666666666677	45.35027719839482	45.27861111111111	2017-10-17 00:00:00
100453	0.768887944345412	0.7636111111111106	40.320107444060575	40.24916666666667	2017-10-17 00:00:00
91262	2.641232099383828	2.6361111111111093	38.807550072506984	38.72361111111111	2017-10-17 00:00:00
5447	-3.7458610478802363	-3.7511111111111113	35.714766729878946	35.624722222222225	2017-10-17 00:00:00
4427	-3.4139654527799017	-3.418333333333333	60.81294914055006	60.72083333333334	2017-10-17 00:00:00
97649	1.805996604791659	1.8000000000000007	8.920302853678557	8.832222222222223	2017-10-17 00:00:00
107315	0.01566985904978324	0.01055555555555543	9.960036350029885	9.926666666666666	2017-10-17 00:00:00
113963	-1.2609220606887241	-1.2661111111111119	15.303323180169368	15.285555555555556	2017-10-17 00:00:00
677	-2.2554193273685854	-2.261111111111113	29.190074952017333	29.175555555555558	2017-10-17 00:00:00
54061	11.354185629157872	11.351944444444445	61.65345305260663	61.51416666666667	2017-10-17 00:00:00
113881	-0.24416616289511595	-0.2508333333333326	28.18221863372365	27.96722222222222	2017-10-17 00:00:00
105199	1.6162299002994516	1.6102777777777781	62.66689341927784	62.476111111111116	2017-10-17 00:00:00
102488	2.2177964902651404	2.2108333333333334	34.04282194018205	33.82833333333333	2017-10-17 00:00:00
746	-1.069603056047022	-1.0755555555555532	59.249416632030666	59.04861111111111	2017-10-17 00:00:00
3179	-1.5427124213214114	-1.5494444444444468	56.63541556134117	56.425	2017-10-17 00:00:00
9884	-2.919885595787001	-2.9263888888888907	23.545351809048164	23.37361111111111	2017-10-17 00:00:00
50583	0.7948766290631752	0.8013888888888872	19.748689604903856	19.01861111111111	2018-04-19 00:00:00
69673	-2.47700840377777	-2.470833333333335	19.088075095720054	18.349444444444444	2018-04-19 00:00:00
58001	-0.8743267516389679	-0.8697222222222223	53.595689647212076	52.76916666666666	2018-04-20 00:00:00
62956	-1.7974029151517499	-1.793333333333333	55.862940527662715	55.031666666666666	2018-04-20 00:00:00
65378	-2.1501607632460935	-2.1463888888888896	54.83191403674464	53.97888888888889	2018-04-20 00:00:00
69673	-2.854234172771605	-2.85027777777778	19.088104696200332	18.321944444444444	2018-04-20 00:00:00
49669	1.4623965627371938	1.4658333333333324	11.876775763366787	11.115	2018-04-20 00:00:00
57632	-0.15823235458600848	-0.1544444444444455	14.470078375714067	13.7	2018-04-20 00:00:00
54872	0.47368744034696064	0.4772222222222222	20.42384087781236	19.674722222222222	2018-04-20 00:00:00
54872	0.8004004189337142	0.8000000000000007	20.424350902729337	20.435555555555556	2018-05-07 00:00:00
69673	-1.7120392848425094	-1.7122222222222234	19.088809942742316	19.08277777777778	2018-05-07 00:00:00
65378	-0.7443048134158676	-0.7436111111111128	54.833200054639036	54.79222222222222	2018-05-07 00:00:00
54061	1.6971644699876673	1.6980555555555572	61.656398780027395	61.64055555555556	2018-05-07 00:00:00
65474	-0.09724379540715589	-0.09694444444444272	-11.256476516351615	-11.23861111111111	2018-05-07 00:00:00
86032	-4.03263812592618	-4.0319444444444414	12.54757913930422	12.56	2018-05-07 00:00:00
81693	-2.8581692373409293	-2.8583333333333325	31.56997210028421	31.557222222222222	2018-05-07 00:00:00
76267	-1.5829266518487444	-1.5827777777777783	26.65456176797378	26.613333333333333	2018-05-07 00:00:00
72105	-0.6882952465972085	-0.6880555555555556	26.99888487921713	26.982499999999998	2018-05-07 00:00:00
73555	-0.8941885286769118	-0.8938888888888883	40.32024084127822	40.28472222222222	2018-05-07 00:00:00
80331	-2.158809121386488	-2.158611111111112	61.47301578248026	61.41222222222222	2018-05-07 00:00:00
59774	2.100038975422537	2.100833333333334	56.93486568198486	56.855555555555554	2018-05-07 00:00:00
67301	0.6634736500551153	0.6633333333333322	49.22487148662321	49.1325	2018-05-07 00:00:00
71957	-0.15061285629280086	-0.1502777777777755	-5.73636841885491	-5.707222222222223	2018-05-07 00:00:00
50583	0.9088303482327778	0.9088888888888871	19.749135016649806	19.74888888888889	2018-05-08 00:00:00
57632	-0.22764120105137486	-0.22666666666666657	14.470567327540687	14.45722222222222	2018-05-08 00:00:00
62956	-1.2167989555207956	-1.2155555555555555	55.864221085192064	55.87416666666667	2018-05-08 00:00:00
65474	-1.6027985120126136	-1.601111111111111	-11.25647498003894	-11.233333333333333	2018-05-08 00:00:00
49669	1.8444042829513272	1.8444444444444432	11.877113018898308	11.886388888888888	2018-05-08 00:00:00
36850	4.487757913952685	4.488333333333334	31.846752211054426	31.864722222222223	2018-05-08 00:00:00
37826	4.434877268763518	4.4352777777777765	27.98069367478526	27.980555555555554	2018-05-08 00:00:00
76267	-2.8412618304075696	-2.8422222222222224	26.654605283942303	26.592777777777776	2018-05-08 00:00:00
69673	-1.4378733477756303	-1.4386111111111113	19.088852288848454	19.054722222222225	2018-05-08 00:00:00
74785	-2.383403944892901	-2.3836111111111116	-9.4487336469424	-9.431666666666667	2018-05-08 00:00:00
67301	2.695641551067368	2.6966666666666654	49.22777483752872	49.17527777777777	2018-06-30 00:00:00
81693	-0.0332669231455327	-0.023888888888887294	31.57374793849822	31.57777777777778	2018-06-30 00:00:00
91262	-1.8764392287016207	-1.8758333333333326	38.803489670372755	38.760555555555555	2018-06-30 00:00:00
86032	-0.7300583517374335	-0.7291666666666643	12.550344516251027	12.545277777777777	2018-06-30 00:00:00
72105	0.6534255767670434	0.6536111111111111	27.00173012241974	27.001666666666665	2018-07-01 00:00:00
72622	0.8182507957948353	0.8180555555555564	-16.116320270186975	-16.055	2018-07-01 00:00:00
77070	0.34693956635834944	0.3475000000000019	6.371573363655834	6.35861111111111	2018-07-01 00:00:00
79593	-0.07202558185771224	-0.07138888888889028	-3.738328229872201	-3.7447222222222223	2018-07-01 00:00:00
69673	2.02720088401899	2.027222222222223	19.09098809841118	19.072499999999998	2018-07-01 00:00:00
93747	-2.646195777519207	-2.645555555555557	13.893565241014397	13.879444444444445	2018-07-01 00:00:00
97165	-3.1146330021850233	-3.1138888888888907	45.17664482220827	45.14388888888889	2018-07-01 00:00:00
97278	-3.0774788447204777	-3.076111111111114	10.66038164268043	10.644444444444444	2018-07-01 00:00:00
80816	0.2540390453695949	0.25444444444444514	21.453937079196844	21.447222222222223	2018-07-01 00:00:00
67301	3.040647387729786	3.041944444444443	49.227798760911455	49.211666666666666	2018-07-01 00:00:00
72105	2.148704148079551	2.149166666666666	27.00174165259739	26.964444444444442	2018-07-01 00:00:00
91262	-2.527276591189242	-2.5275000000000034	38.80411914368237	38.7975	2018-07-08 00:00:00
87833	-1.767750870797233	-1.7674999999999983	51.490619484054655	51.45	2018-07-08 00:00:00
85670	-1.281314401795587	-1.280555555555555	52.29219033245757	52.221944444444446	2018-07-08 00:00:00
84345	-0.9583493204828173	-0.9577777777777783	14.373575959920165	14.317777777777778	2018-07-08 00:00:00
80816	-0.15038971751090102	-0.14999999999999858	21.454293638865998	21.470555555555553	2018-07-08 00:00:00
79593	0.1613220750274813	0.16138888888889014	-3.7381656317048266	-3.736666666666667	2018-07-08 00:00:00
77070	0.7386251552094016	0.7383333333333333	6.371805735193483	6.393888888888889	2018-07-08 00:00:00
76267	0.9587538411042171	0.9586111111111109	26.658073732912975	26.641944444444444	2018-07-08 00:00:00
74785	1.3332530180887598	1.3327777777777765	-9.448028495453157	-9.4025	2018-07-08 00:00:00
69673	2.591675207747617	2.591666666666667	19.091208083433983	19.101666666666667	2018-07-08 00:00:00
72105	2.170122732108844	2.17	27.00201851175784	26.989722222222223	2018-07-08 00:00:00
67301	3.229030487082527	3.2300000000000004	49.2279871244123	49.21611111111111	2018-07-08 00:00:00
65378	3.6724537272225994	3.6741666666666646	54.83599209696773	54.80083333333333	2018-07-08 00:00:00
62956	4.228056302969048	4.229722222222222	55.86644075248592	55.85527777777778	2018-07-08 00:00:00
58001	5.3122723101610365	5.313888888888886	53.597938836734656	53.55777777777777	2018-07-08 00:00:00
86742	-0.32326328083789946	-0.3227777777777767	4.563448833934659	4.5616666666666665	2018-07-08 00:00:00
