HIP	ha_calc	ha_obs	dec_calc	dec_obs	Date
97649	0.6366138896971769	0.615000000000002	8.88706619402326	8.772222222222224	2017-10-18 00:00:00
91262	2.6670781148929805	2.650555555555556	38.795081160498306	38.65333333333333	2017-10-18 00:00:00
102098	0.7091731842815854	0.6919444444444451	45.28677191617639	45.176944444444445	2017-10-18 00:00:00
677	-2.5229404144008463	-2.5461111111111094	29.100725393657083	29.033611111111114	2017-10-18 00:00:00
746	-2.3863923726127823	-2.41	59.150798665703746	59.035	2017-10-18 00:00:00
3179	-2.824808866129768	-2.849722222222219	56.53997092535257	56.42861111111111	2017-10-18 00:00:00
4427	-2.9780657085298934	-3.0038888888888913	60.71823242734932	60.588055555555556	2017-10-18 00:00:00
105199	0.8396065953989336	0.8263888888888893	62.58756606355026	62.44694444444444	2017-10-18 00:00:00
97649	2.4027838394234244	2.381388888888889	8.889969397237508	8.780833333333334	2017-10-18 00:00:00
5447	-2.7786810391138665	-2.803055555555556	35.6286907205185	35.55583333333333	2017-10-18 00:00:00
113963	-0.546183712538383	-0.5677777777777777	15.219055959101008	15.175555555555555	2017-10-18 00:00:00
100453	2.312215856156982	2.2950000000000017	40.26584103796852	40.17333333333333	2017-10-18 00:00:00
102488	2.2290360595207943	2.2105555555555547	33.9824973208341	33.918055555555554	2017-10-18 00:00:00
113881	0.04496698032900781	0.036666666666668846	28.092380290214887	28.31638888888889	2017-09-22 00:00:00
105199	1.8875042272691651	1.8822222222222216	62.58714465915584	62.67527777777777	2017-09-22 00:00:00
107315	1.5725924661950472	1.5580555555555584	9.892252998384752	10.0125	2017-09-22 00:00:00
113963	0.31382082957258106	0.2991666666666646	15.218587512425	15.29861111111111	2017-09-22 00:00:00
677	-0.6645378336048466	-0.6794444444444458	29.097655748300422	29.220555555555553	2017-09-22 00:00:00
746	-0.6023742284146181	-0.6169444444444423	59.14724950099231	59.18444444444444	2017-09-22 00:00:00
3179	-1.0479231313486288	-1.0644444444444439	56.53597576325268	56.569722222222225	2017-09-22 00:00:00
9640	-2.3220345465236676	-2.3408333333333324	42.33296353110187	42.36555555555556	2017-09-22 00:00:00
9884	-2.3238412580395753	-2.3408333333333324	23.47259241359546	23.52361111111111	2017-09-22 00:00:00
15863	-3.5280233386692323	-3.549722222222222	49.863112863916164	49.900555555555556	2017-09-22 00:00:00
102488	3.2480252429985654	3.2372222222222256	33.9840150070487	34.04694444444444	2017-09-22 00:00:00
105199	2.7854765479256187	2.781111111111109	62.588427720995895	62.661944444444444	2017-09-22 00:00:00
107315	2.4387222587426365	2.424444444444447	9.894174248249943	9.958888888888888	2017-09-22 00:00:00
15863	0.5943745342996234	0.6475	49.864110971102605	49.8925	2018-02-06 00:00:00
23015	-0.15007771980281515	-0.09527777777777757	33.17192441430404	33.19416666666666	2018-02-06 00:00:00
21421	0.5343553129009644	0.591111111111112	16.518738998594937	16.56638888888889	2018-02-06 00:00:00
24608	0.7213200048652775	0.7736111111111112	45.9990494159565	46.01583333333333	2018-02-06 00:00:00
31681	-0.12880941626455833	-0.07194444444444414	16.408737878139934	16.396666666666665	2018-02-06 00:00:00
25428	1.1446164997324724	1.1997222222222215	28.613777998500584	28.638333333333332	2018-02-06 00:00:00
28380	0.6708107457834132	0.7247222222222227	37.21685094892882	37.24527777777778	2018-02-06 00:00:00
36850	-0.8267611955568395	-0.7716666666666665	31.892482691830438	31.8475	2018-02-06 00:00:00
37826	-0.9218787638432255	-0.8661111111111115	28.03193161404717	27.984166666666667	2018-02-06 00:00:00
37279	-0.7382758118858854	-0.6797222222222219	5.234331288806919	5.206944444444445	2018-02-06 00:00:00
27989	1.1132548833342462	1.1708333333333334	7.421159714519102	7.461388888888889	2018-02-06 00:00:00
25336	1.8304401643936794	1.8886111111111115	6.36541478420993	6.420555555555556	2018-02-06 00:00:00
21421	-2.7619888404353885	-2.761666666666666	16.523220706174364	16.51361111111111	2017-11-22 00:00:00
24436	-3.3533763078471406	-3.353888888888889	-8.157570812212068	-8.166944444444443	2017-11-22 00:00:00
25336	-3.4727684405115644	-3.4755555555555553	6.374399823427711	6.379722222222222	2017-11-22 00:00:00
25428	-3.4391260787956233	-3.4450000000000003	28.617373980294296	28.612222222222222	2017-11-22 00:00:00
24608	-3.111184058044135	-3.1199999999999997	45.99941678351993	45.95194444444445	2017-11-22 00:00:00
15863	-1.1892359493474038	-1.1974999999999998	49.8629105818391	49.83388888888889	2017-11-22 00:00:00
677	2.2633016651891538	2.2616666666666667	29.10068240970316	29.19472222222222	2017-11-22 00:00:00
113881	3.3944068409369876	3.3941666666666634	28.097711282482603	28.192777777777778	2017-11-22 00:00:00
102098	0.20929525754634426	0.1941666666666677	45.28662716206421	45.27861111111111	2017-10-17 00:00:00
100453	0.7792654340231557	0.7636111111111106	40.26440714983385	40.24916666666667	2017-10-17 00:00:00
91262	2.6504079475833535	2.6361111111111093	38.79507891072323	38.72361111111111	2017-10-17 00:00:00
5447	-3.7283977141945925	-3.7511111111111113	35.63106709982286	35.624722222222225	2017-10-17 00:00:00
4427	-3.39457786773292	-3.418333333333333	60.718999592419785	60.72083333333334	2017-10-17 00:00:00
97649	1.819625616542094	1.8000000000000007	8.888554424271844	8.832222222222223	2017-10-17 00:00:00
107315	0.03004147248249822	0.01055555555555543	9.891170482665798	9.926666666666666	2017-10-17 00:00:00
113963	-1.2460201691544732	-1.2661111111111119	15.219578980410947	15.285555555555556	2017-10-17 00:00:00
677	-2.239685051639288	-2.261111111111113	29.10019191657779	29.175555555555558	2017-10-17 00:00:00
54061	11.371193904015342	11.351944444444445	61.78948199251146	61.51416666666667	2017-10-17 00:00:00
113881	-0.22989398914583603	-0.2508333333333326	28.09324750971537	27.96722222222222	2017-10-17 00:00:00
105199	1.6226077697982575	1.6102777777777781	62.5881013781187	62.476111111111116	2017-10-17 00:00:00
102488	2.229028647159055	2.2108333333333334	33.98249356544189	33.82833333333333	2017-10-17 00:00:00
746	-1.0535507183481947	-1.0755555555555532	59.14939240976747	59.04861111111111	2017-10-17 00:00:00
3179	-1.5252557989946922	-1.5494444444444468	56.5382196737367	56.425	2017-10-17 00:00:00
9884	-2.9026258337693776	-2.9263888888888907	23.47461759154849	23.37361111111111	2017-10-17 00:00:00
50583	0.8110606445995696	0.8013888888888872	19.84980304839807	19.01861111111111	2018-04-19 00:00:00
69673	-2.4623421184294383	-2.470833333333335	19.182308048750286	18.349444444444444	2018-04-19 00:00:00
58001	-0.8585872138176533	-0.8697222222222223	53.69502959772803	52.76916666666666	2018-04-20 00:00:00
62956	-1.783897636259674	-1.793333333333333	55.95912834126549	55.031666666666666	2018-04-20 00:00:00
65378	-2.1376376450625525	-2.1463888888888896	54.924707208935374	53.97888888888889	2018-04-20 00:00:00
69673	-2.8394505794397187	-2.85027777777778	19.183333809132737	18.321944444444444	2018-04-20 00:00:00
49669	1.4780666664967228	1.4658333333333324	11.979694242215729	11.115	2018-04-20 00:00:00
57632	-0.1427538077799131	-0.1544444444444455	14.581677562876576	13.7	2018-04-20 00:00:00
54872	0.48942327814421027	0.4772222222222222	20.53155765999755	19.674722222222222	2018-04-20 00:00:00
54872	0.8160987327520566	0.8000000000000007	20.532460815564413	20.435555555555556	2018-05-07 00:00:00
69673	-1.6975433754615494	-1.7122222222222234	19.18183056847788	19.08277777777778	2018-05-07 00:00:00
65378	-0.732213665151578	-0.7436111111111128	54.925037336351195	54.79222222222222	2018-05-07 00:00:00
54061	1.714714981577389	1.6980555555555572	61.751711941642675	61.64055555555556	2018-05-07 00:00:00
65474	-0.08127472455535845	-0.09694444444444272	-11.13479931920188	-11.23861111111111	2018-05-07 00:00:00
86032	-4.017394880013743	-4.0319444444444414	12.579386626460018	12.56	2018-05-07 00:00:00
81693	-2.8459498827582426	-2.8583333333333325	31.610134925216716	31.557222222222222	2018-05-07 00:00:00
76267	-1.5698874202545436	-1.5827777777777783	26.720279251466902	26.613333333333333	2018-05-07 00:00:00
72105	-0.6750160836838148	-0.6880555555555556	27.080092979370804	26.982499999999998	2018-05-07 00:00:00
73555	-0.882675744493719	-0.8938888888888883	40.392238859045285	40.28472222222222	2018-05-07 00:00:00
80331	-2.1538925845983865	-2.158611111111112	61.51025025415391	61.41222222222222	2018-05-07 00:00:00
59774	2.113862957090042	2.100833333333334	57.034174312161916	56.855555555555554	2018-05-07 00:00:00
67301	0.6750687300676521	0.6633333333333322	49.313883210511875	49.1325	2018-05-07 00:00:00
71957	-0.13469204276224467	-0.1502777777777755	-5.638238433543648	-5.707222222222223	2018-05-07 00:00:00
50583	0.9250324584841074	0.9088888888888871	19.850586521405045	19.74888888888889	2018-05-08 00:00:00
57632	-0.21210818953992217	-0.22666666666666657	14.582430133491982	14.45722222222222	2018-05-08 00:00:00
62956	-1.2034576048289445	-1.2155555555555555	55.960146098459454	55.87416666666667	2018-05-08 00:00:00
65474	-1.5861981042429196	-1.601111111111111	-11.13161503592594	-11.233333333333333	2018-05-08 00:00:00
49669	1.8600107070315666	1.8444444444444432	11.980889328220542	11.886388888888888	2018-05-08 00:00:00
36850	4.505732704639285	4.488333333333334	31.902363962353622	31.864722222222223	2018-05-08 00:00:00
37826	4.452228676818682	4.4352777777777765	28.042175391123745	27.980555555555554	2018-05-08 00:00:00
76267	-2.8278910108459083	-2.8422222222222224	26.722480605203845	26.592777777777776	2018-05-08 00:00:00
69673	-1.4234437948117602	-1.4386111111111113	19.181536807675695	19.054722222222225	2018-05-08 00:00:00
74785	-2.3660810819368727	-2.3836111111111116	-9.350657915022467	-9.431666666666667	2018-05-08 00:00:00
67301	2.706752557926695	2.6966666666666654	49.319609342240476	49.17527777777777	2018-06-30 00:00:00
81693	-0.02163130510926692	-0.023888888888887294	31.611369171945263	31.57777777777778	2018-06-30 00:00:00
91262	-1.865759052092347	-1.8758333333333326	38.78945592492765	38.760555555555555	2018-06-30 00:00:00
86032	-0.7158149552818784	-0.7291666666666643	12.57190595716098	12.545277777777777	2018-06-30 00:00:00
72105	0.6665281210454754	0.6536111111111111	27.08361947854387	27.001666666666665	2018-07-01 00:00:00
72622	0.8347879327172052	0.8180555555555564	-16.00671308081589	-16.055	2018-07-01 00:00:00
77070	0.3617873733438639	0.3475000000000019	6.441831589338324	6.35861111111111	2018-07-01 00:00:00
79593	-0.05603345692415829	-0.07138888888889028	-3.6733240997843475	-3.7447222222222223	2018-07-01 00:00:00
69673	2.0409454598148393	2.027222222222223	19.185271866247295	19.072499999999998	2018-07-01 00:00:00
93747	-2.6315268940863668	-2.645555555555557	13.87812738334815	13.879444444444445	2018-07-01 00:00:00
97165	-3.10425574880459	-3.1138888888888907	45.13429216681716	45.14388888888889	2018-07-01 00:00:00
97278	-3.062149724020262	-3.076111111111114	10.631676286220644	10.644444444444444	2018-07-01 00:00:00
80816	0.26707719553242626	0.25444444444444514	21.499572527590935	21.447222222222223	2018-07-01 00:00:00
67301	3.0516563434070694	3.041944444444443	49.32028408223758	49.211666666666666	2018-07-01 00:00:00
72105	2.161449166292618	2.149166666666666	27.085087261232776	26.964444444444442	2018-07-01 00:00:00
91262	-2.5164156635505854	-2.5275000000000034	38.7910367990914	38.7975	2018-07-08 00:00:00
87833	-1.7601497191600046	-1.7674999999999983	51.490653734898565	51.45	2018-07-08 00:00:00
85670	-1.2740489381813624	-1.280555555555555	52.30315358731534	52.221944444444446	2018-07-08 00:00:00
84345	-0.9442473679323662	-0.9577777777777783	14.403469691660698	14.317777777777778	2018-07-08 00:00:00
80816	-0.13725078749135378	-0.14999999999999858	21.49997423435863	21.470555555555553	2018-07-08 00:00:00
79593	0.17725463936270103	0.16138888888889014	-3.6730855765554082	-3.736666666666667	2018-07-08 00:00:00
77070	0.7533834936370134	0.7383333333333333	6.442351076702384	6.393888888888889	2018-07-08 00:00:00
76267	0.9713446212457004	0.9586111111111109	26.723851739601486	26.641944444444444	2018-07-08 00:00:00
74785	1.3491951980193608	1.3327777777777765	-9.354566735466474	-9.4025	2018-07-08 00:00:00
69673	2.605272718392378	2.591666666666667	19.186752848887245	19.101666666666667	2018-07-08 00:00:00
72105	2.182873051832866	2.17	27.08547683668362	26.989722222222223	2018-07-08 00:00:00
67301	3.239992508329463	3.2300000000000004	49.320941226168586	49.21611111111111	2018-07-08 00:00:00
65378	3.683229236979768	3.6741666666666646	54.93274331109788	54.80083333333333	2018-07-08 00:00:00
62956	4.23971056528177	4.229722222222222	55.9685531439502	55.85527777777778	2018-07-08 00:00:00
58001	5.326221647476217	5.313888888888886	53.70801616892416	53.55777777777777	2018-07-08 00:00:00
86742	-0.3081341214834836	-0.3227777777777767	4.585057937042305	4.5616666666666665	2018-07-08 00:00:00
